F 1838.223647 1816.689904 3.703674
D C 364.9 -287.9 1415.4 -461.6 1742.8 248.9 1129.7 565.4 538.4 591.2 896.5 1317.5 
W C 394.6 1452.9 496.2 677.2 1183.6 736.2 1697.8 1029.5 1781.8 224.1 
F 1837.564714 1818.349094 3.704593
D C 366.0 -288.8 1416.7 -462.0 1741.8 248.8 1129.9 565.4 540.6 593.7 897.6 1319.0 
W C 393.0 1452.9 497.4 678.3 1183.9 737.1 1697.3 1027.8 1782.5 223.9 
F 1837.053710 1820.513748 3.705624
D C 366.2 -289.0 1418.2 -462.5 1741.8 248.8 1131.1 566.1 541.5 594.6 900.0 1322.6 
W C 391.3 1453.2 498.0 679.1 1183.8 737.5 1697.4 1028.5 1783.5 221.7 
F 1836.998936 1817.348102 3.704514
D C 366.2 -288.9 1417.4 -462.3 1737.0 248.1 1129.5 565.3 540.5 593.6 896.8 1317.9 
W C 391.6 1451.9 500.4 680.6 1183.4 736.5 1696.7 1026.9 1781.9 224.2 
F 1839.109765 1815.878741 3.702958
D C 365.1 -288.1 1419.4 -462.9 1739.8 248.5 1128.6 564.8 537.0 589.7 898.0 1319.6 
W C 391.1 1452.1 498.6 679.3 1184.4 737.0 1698.5 1030.8 1781.4 220.8 
F 1836.535951 1816.886399 3.704576
D C 365.1 -288.1 1413.4 -460.9 1740.2 248.6 1129.9 565.5 538.2 591.0 896.5 1317.5 
W C 395.3 1452.3 497.6 677.9 1182.8 735.6 1696.9 1029.9 1781.5 224.3 
F 1837.224869 1817.618386 3.704505
D C 364.7 -287.8 1418.5 -462.6 1734.9 247.8 1132.6 566.8 539.8 592.8 897.2 1318.4 
W C 390.7 1451.9 502.3 682.2 1181.8 733.8 1697.1 1028.2 1782.1 223.9 
F 1837.131212 1818.456823 3.704848
D C 364.9 -287.9 1417.5 -462.3 1738.0 248.2 1131.9 566.5 540.7 593.8 897.5 1318.9 
W C 391.7 1452.5 500.2 680.6 1182.5 735.1 1697.0 1027.7 1782.5 224.1 
F 1837.150255 1818.754522 3.704947
D C 365.2 -288.2 1416.6 -462.0 1739.8 248.5 1132.5 566.8 539.6 592.6 898.1 1319.8 
W C 392.8 1452.9 498.9 679.5 1182.3 734.7 1697.4 1029.6 1782.6 223.3 
F 1838.047954 1817.637294 3.703429
D C 365.8 -288.6 1417.7 -457.6 1739.7 248.5 1129.9 565.5 539.5 592.4 897.2 1318.4 
W C 394.5 1449.6 498.1 680.5 1183.1 737.1 1697.1 1028.9 1781.2 223.9 
F 1837.878276 1818.892459 3.704642
D C 364.1 -287.3 1419.0 -462.8 1739.0 248.4 1133.0 567.0 539.7 592.7 898.8 1320.8 
W C 390.9 1452.8 499.9 680.6 1182.5 734.7 1697.9 1029.6 1782.8 222.3 
F 1838.949918 1817.753807 3.703699
D C 364.5 -287.7 1416.9 -462.1 1743.3 249.0 1132.5 566.8 539.1 592.1 896.9 1318.1 
W C 393.8 1453.6 496.6 677.9 1182.7 734.6 1698.3 1029.5 1782.5 224.5 
F 1840.661220 1817.666844 3.702832
D C 365.0 -288.0 1423.0 -464.1 1741.8 248.8 1130.1 565.6 541.0 594.1 897.9 1319.5 
W C 388.9 1453.2 498.5 680.0 1184.9 737.4 1698.9 1026.7 1782.8 222.7 
F 1837.530245 1817.564607 3.704330
D C 365.2 -288.2 1416.0 -461.8 1740.2 248.6 1131.2 566.1 539.4 592.4 896.8 1317.9 
W C 393.5 1452.7 498.3 678.9 1182.8 735.3 1697.3 1028.7 1782.1 224.4 
F 1817.917406 1800.913223 3.701215
D C 352.2 -286.8 1402.9 -457.5 1715.5 250.4 1074.3 550.0 518.5 594.6 878.1 1325.0 
W C 386.1 1443.9 497.0 678.0 1199.5 764.5 1694.2 1021.8 1777.2 211.9 
F 1788.579860 1783.898978 3.706425
D C 313.8 -287.5 1365.2 -463.9 1681.8 240.2 1048.8 549.2 488.9 592.9 846.9 1321.6 
W C 387.1 1444.9 496.6 680.8 1196.7 758.6 1693.0 1021.4 1780.6 214.3 
F 1750.397476 1762.248728 3.699486
D C 279.2 -282.2 1324.1 -454.4 1640.5 244.6 1000.7 547.8 445.3 586.2 
W C 386.5 1446.8 488.1 686.3 1191.4 767.8 1682.9 1029.2 
F 1720.070187 1760.822560 3.713650
D C 260.9 -280.4 1277.2 -447.1 1622.9 242.0 985.4 543.3 432.6 584.3 
W C 404.2 1445.3 486.5 678.8 1185.7 770.6 1672.6 1035.4 
F 1675.765775 1732.988659 3.710465
D C 216.5 -277.0 1229.1 -443.0 1564.3 248.0 933.0 544.7 379.5 588.2 
W C 401.6 1444.1 491.4 681.4 1183.1 771.5 1672.9 1033.0 
F 1647.988042 1717.490733 3.713032
D C 187.9 -278.9 1197.8 -440.1 1532.9 243.0 902.1 541.6 348.6 590.7 
W C 402.5 1439.8 490.1 684.1 1182.2 774.1 1674.3 1032.1 
F 1621.318462 1703.288984 3.714320
D C 155.6 -276.2 1169.5 -441.9 1500.5 242.6 873.3 546.4 318.8 593.1 
W C 399.0 1440.9 491.7 686.2 1183.5 770.8 1674.8 1032.1 
F 1589.671812 1683.124737 3.712615
D C 124.8 -274.1 1131.1 -439.3 1466.0 246.2 832.9 546.4 280.4 594.1 
W C 400.5 1441.4 489.4 683.6 1184.3 773.3 1674.8 1031.7 
F 1574.398544 1676.406815 3.711390
D C 113.1 -277.2 1117.5 -438.0 1443.4 251.6 818.1 551.1 264.3 597.6 
W C 397.1 1442.4 494.8 685.9 1182.9 771.0 1674.2 1030.7 
F 1530.682417 1651.872371 3.715577
D C 67.3 -274.8 1066.3 -436.9 1395.6 247.7 770.4 547.0 214.8 601.8 
W C 398.0 1439.8 493.2 686.1 1180.8 774.3 1677.1 1029.9 
F 1503.734445 1630.759654 3.715901
D C 1026.6 -435.5 1364.7 246.5 735.6 539.4 184.2 595.6 
W C 405.2 1438.6 491.9 682.5 1179.2 778.3 1672.7 1030.7 
F 1473.088569 1613.011221 3.712335
D C 997.1 -433.8 1324.9 251.9 698.2 545.7 146.0 600.5 
W C 399.7 1439.4 494.3 685.2 1180.4 776.6 1674.6 1028.8 
F 1450.819162 1587.901584 3.716612
D C 958.2 -434.5 1292.7 249.9 666.4 544.3 474.7 1317.1 112.0 603.8 
W C 410.4 1431.4 501.9 675.2 1187.6 768.7 1768.7 224.5 1685.3 1020.3 
F 1422.431863 1571.076147 3.714330
D C -47.4 -285.1 925.1 -422.9 1257.2 251.0 631.5 545.5 438.5 1317.1 81.6 604.0 
W C 415.8 1425.1 501.9 678.8 1187.4 770.4 1767.7 226.5 1681.2 1019.2 
F 1395.171119 1553.788423 3.714767
D C -78.6 -288.4 896.0 -426.3 1220.4 251.5 601.9 546.3 407.1 1316.5 48.0 606.7 
W C 411.1 1426.1 506.2 680.7 1185.8 768.4 1767.1 226.9 1683.8 1018.0 
F 1353.844337 1526.163241 3.714897
D C 848.2 -429.4 1172.2 252.8 550.1 540.9 358.9 1316.4 -4.2 609.6 
W C 408.4 1426.9 506.2 677.9 1185.1 773.3 1766.4 225.6 1688.0 1016.3 
F 1338.065529 1519.290221 3.714882
D C 833.9 -428.6 1149.7 255.4 535.0 545.7 342.8 1320.9 -21.1 610.9 
W C 405.0 1427.1 510.7 681.1 1184.6 770.6 1766.6 223.6 1687.1 1017.5 
F 1310.824852 1503.411374 3.719224
D C 801.3 -430.7 1119.8 252.3 506.2 542.3 317.0 1321.4 -51.5 614.4 
W C 404.3 1426.7 510.5 680.6 1182.9 772.7 1766.7 223.3 1689.5 1016.8 
F 1263.984998 1476.329412 3.718530
D C 743.2 -420.3 1069.2 254.8 450.7 543.2 262.7 1326.0 -104.8 612.2 
W C 411.9 1423.2 506.8 679.6 1182.5 775.2 1767.1 221.6 1685.7 1020.4 
F 1251.498498 1465.379399 3.720219
D C 724.6 -421.6 1054.6 251.3 437.8 541.0 248.2 1316.0 -122.5 613.4 
W C 414.2 1422.1 506.0 678.3 1180.8 773.0 1763.4 227.9 1689.5 1018.8 
F 1211.149250 1442.010130 3.719992
D C 681.4 -422.0 1006.0 252.8 390.4 541.0 199.3 1322.5 -167.7 618.9 
W C 409.9 1422.9 507.0 680.4 1180.0 775.6 1767.3 225.7 1689.9 1015.5 
F 1197.581389 1434.299628 3.718595
D C 664.2 -417.0 990.9 255.5 375.1 544.0 182.3 1319.4 -184.1 619.0 
W C 413.5 1421.5 506.5 679.7 1180.0 773.8 1764.5 229.1 1689.6 1016.0 
F 1173.178789 1409.173205 3.707018
D C 632.6 -416.4 954.7 261.8 340.5 546.0 145.9 1324.3 
W C 415.9 1421.8 507.4 676.6 1178.2 765.7 1759.5 212.8 
F 1146.899461 1393.054889 3.709385
D C 600.0 -416.4 924.3 259.6 313.0 545.7 117.1 1324.1 
W C 417.1 1421.5 507.2 677.1 1176.5 764.6 1760.2 213.8 
F 1115.625778 1378.607281 3.712774
D C 565.1 -415.8 892.5 259.6 281.0 546.6 85.1 1335.0 
W C 415.4 1422.9 505.1 677.7 1174.8 766.9 1765.7 209.5 
F 1075.175598 1355.042164 3.705504
D C 518.1 -408.9 845.8 268.6 232.5 552.9 27.6 1332.7 
W C 418.7 1423.7 504.0 676.0 1174.2 763.5 1764.2 213.9 
F 1065.327106 1346.346993 3.710062
D C 506.2 -414.8 830.8 263.9 219.6 550.2 23.5 1330.5 
W C 415.5 1423.4 507.2 676.7 1176.5 764.5 1761.8 212.5 
F 1038.319495 1329.293985 3.705245
D C 477.6 -411.3 797.6 264.2 186.2 548.0 -17.4 1336.7 
W C 414.9 1421.8 505.2 679.8 1173.7 766.6 1767.2 208.7 
F 1010.484872 1314.578006 3.710169
D C 442.9 -413.4 768.5 265.0 157.6 551.3 -42.1 1337.7 
W C 414.7 1424.4 505.6 677.4 1174.5 765.2 1766.2 210.0 
F 981.847431 1296.585220 3.706116
D C 412.3 -411.7 732.1 265.1 123.6 552.2 -83.4 1341.0 
W C 413.2 1423.8 505.2 680.9 1172.9 764.0 1769.8 208.3 
F 969.202192 1288.883315 3.705417
D C 396.0 -412.7 718.6 267.7 109.5 552.9 -99.9 1340.5 
W C 413.9 1426.1 504.9 678.6 1172.1 763.0 1770.0 209.3 
F 928.735142 1265.267687 3.703590
D C 351.1 -414.0 669.9 270.9 62.8 555.0 -150.2 1344.9 
W C 411.1 1428.5 506.2 679.1 1171.3 762.2 1772.5 207.3 
F 901.646720 1249.936418 3.705165
D C 320.9 -415.8 639.9 270.2 31.9 553.6 -180.6 1353.2 
W C 408.3 1430.0 505.1 679.6 1170.4 764.9 1777.2 202.5 
F 877.722493 1234.660262 3.703473
D C 291.5 -415.9 612.0 274.1 1.3 557.3 -209.2 1346.5 
W C 409.5 1431.3 505.8 676.7 1173.6 762.3 1772.1 206.7 
F 841.707708 1222.188707 3.696211
D C 259.1 -419.8 579.9 274.8 -29.7 560.6 
W C 400.4 1442.6 493.4 683.2 1162.2 761.2 
F 802.539042 1198.806406 3.694804
D C 214.4 -418.7 534.3 275.6 -76.7 561.9 
W C 400.1 1442.4 492.8 683.6 1163.1 761.0 
F 788.462975 1193.236309 3.692481
D C 201.0 -417.5 520.5 278.7 -95.3 567.1 
W C 398.7 1443.8 490.9 683.3 1166.5 759.9 
F 749.358514 1169.829532 3.690589
D C 156.5 -420.1 471.2 282.9 -139.0 568.0 
W C 396.6 1446.5 495.0 682.6 1164.3 757.9 
F 734.434932 1163.804960 3.689196
D C 142.9 -418.5 452.7 285.2 -155.2 572.6 
W C 394.6 1446.7 496.4 684.6 1165.0 755.7 
F 694.584524 1152.677318 3.688380
D C 110.2 -416.7 423.6 285.4 
W C 383.9 1451.3 481.1 688.7 
F 655.857026 1126.971741 3.680357
D C 66.5 -419.3 375.4 287.9 
W C 383.7 1452.8 481.3 687.2 
F 640.988244 1116.139684 3.673805
D C 49.9 -423.1 356.3 291.0 
W C 383.3 1455.4 481.7 684.6 
F 600.429101 1093.355910 3.671443
D C 4.2 -422.5 309.2 293.0 
W C 383.3 1455.8 481.7 684.2 
F 586.666763 1082.542001 3.666496
D C -11.4 -425.9 290.8 293.1 
W C 383.2 1456.8 481.8 683.2 
F 559.932658 1067.208707 3.658527
D C -39.0 -426.5 257.8 295.7 
W C 383.1 1457.3 481.9 682.7 
F 516.515052 1040.670133 3.649654
D C -86.6 -430.1 204.9 297.1 
W C 382.9 1458.6 482.1 681.4 
F 502.586703 1030.807639 3.646742
D C -102.3 -432.3 187.1 295.9 
W C 382.9 1458.7 482.1 681.3 
F 460.666766 1007.428392 3.636431
D C -146.8 -436.5 137.0 299.6 
W C 382.6 1461.3 482.4 678.7 
F 449.138557 999.410605 3.649104
D C -165.7 -434.5 126.2 295.0 
W C 382.8 1459.7 482.2 680.3 
F 412.470543 973.155659 3.746824
D C 111.4 279.3 
W C 
F 378.795046 925.985871 3.905744
D C 87.3 262.1 -513.4 1503.6 
W C 497.2 676.4 1789.8 195.6 
F 371.445267 911.737772 3.934097
D C 78.5 256.7 -485.0 1510.9 
W C 499.1 675.6 1787.9 196.4 
F 342.516266 868.752154 4.034133
D C 53.9 237.6 -385.1 1552.8 
W C 493.7 677.6 1793.3 194.4 
F 333.444004 854.005450 4.063326
D C 44.0 233.1 -357.2 1562.8 
W C 492.6 678.1 1794.4 193.9 
F 315.970989 825.840752 4.136016
D C 28.3 225.5 -276.6 1587.1 
W C 489.6 679.2 1797.4 192.8 
F 295.869190 785.271693 4.236063
D C 12.0 220.5 
W C 
F 280.352702 743.850632 4.336109
D C -3.5 218.5 
W C 
F 268.593794 700.496328 4.431503
D C -31.5 220.8 
W C 
F 268.593794 700.496328 4.431503
D C 
W C 
F 265.458241 654.791216 4.615309
D C 122.1 1605.2 
W C 
F 271.461694 610.376952 4.813076
D C 253.5 1583.1 
W C 
F 285.237845 568.501663 4.996883
D C 310.7 1567.9 
W C 
F 287.533984 639.957949 4.744285
D C 493.5 1497.5 -73.5 911.2 
W C 1800.0 194.5 1196.0 742.5 
F 294.457105 636.797018 4.781160
D C 546.3 1473.2 -45.1 905.1 
W C 1801.7 193.0 1194.3 744.0 
F 289.059456 533.911247 4.994171
D C 718.3 1366.3 51.8 899.4 -70.7 1510.6 
W C 1801.2 223.9 1167.4 734.2 1720.4 1021.9 
F 324.558858 564.600848 5.036319
D C 821.0 1281.3 108.2 882.4 
W C 1800.5 194.1 1195.5 742.9 
F 332.025141 538.818904 5.096085
D C 865.4 1230.7 138.0 879.0 
W C 1797.2 197.1 1198.8 739.9 
F 359.369384 509.218209 5.237325
D C 990.5 1087.7 221.3 842.1 
W C 1797.0 197.2 1199.0 739.8 
F 368.684229 506.211111 5.283065
D C 1034.3 1035.8 249.3 824.2 
W C 1799.1 195.4 1196.9 741.6 
F 404.233107 464.467792 5.434444
D C 1117.9 868.2 321.9 778.7 
W C 1794.6 199.4 1201.4 737.6 
F 425.426267 455.309858 5.523921
D C 1169.4 756.9 368.4 738.9 
W C 1794.7 199.3 1201.3 737.7 
F 440.942908 441.225638 5.578575
D C 1186.4 692.7 388.9 718.3 
W C 1793.5 200.5 1202.5 736.5 
F 488.891327 426.117707 5.727318
D C 1228.1 496.6 441.6 640.4 
W C 1794.1 199.9 1201.9 737.1 
F 497.159597 424.189622 5.769876
D C 1241.8 441.1 458.4 619.1 
W C 1795.5 198.6 1200.5 738.4 
F 545.326079 410.418651 5.931286
D C 1244.9 232.8 503.6 533.0 
W C 1794.2 199.8 1201.8 737.2 
F 583.355813 406.898443 6.032555
D C 1219.6 102.2 521.9 470.9 
W C 1790.2 203.4 1205.8 733.6 
F 598.325240 408.244858 6.078303
D C 1209.0 41.7 528.2 442.3 598.4 1583.6 
W C 1790.5 203.1 1205.5 733.9 
F 637.131105 335.724535 6.264762
D C 1155.2 -77.2 513.9 389.1 -227.3 1102.7 
W C 1790.7 237.2 1158.1 715.3 430.2 1442.5 
F 653.402972 335.815995 6.287764
D C 1138.0 -104.2 504.8 377.4 -217.7 1107.8 
W C 1791.9 236.9 1156.5 715.5 430.6 1442.6 
F 705.927328 336.407735 6.324395
D C 1079.7 -145.8 471.7 359.5 -234.2 1119.0 
W C 1790.7 235.2 1162.4 715.0 425.8 1444.8 
F 722.128195 340.187842 6.324621
D C 1061.5 -150.0 458.2 358.1 -251.2 1114.9 
W C 1789.0 234.3 1165.1 717.0 424.9 1443.7 
F 769.511923 341.530977 0.040326
D C 1016.0 -149.9 411.8 358.0 -302.9 1118.1 
W C 1790.7 232.7 1166.5 715.8 421.7 1446.5 
F 799.979964 342.490009 0.046200
D C 985.4 -154.7 381.6 355.0 618.0 1482.2 -325.8 1120.5 
W C 1791.5 233.5 1164.8 714.8 422.7 1446.7 
F 819.055320 339.407135 0.050832
D C 965.4 -154.6 363.7 357.6 -338.5 1125.2 
W C 1791.1 234.1 1164.1 715.0 423.8 1445.9 
F 865.018459 340.438492 0.047799
D C 920.6 -156.1 865.4 667.9 316.4 356.2 -393.2 1128.9 
W C 1792.0 228.5 1697.6 1049.0 1164.1 711.3 418.4 1449.2 
F 900.550727 361.829518 0.015269
D C 887.6 -156.1 828.7 664.3 284.4 355.9 
W C 1790.5 219.3 1719.0 1038.7 1179.5 722.1 
F 936.254760 360.123823 0.020136
D C 850.6 -157.7 797.1 663.4 250.3 355.9 
W C 1789.9 219.6 1719.8 1039.4 1179.3 721.0 
F 968.999916 360.453246 0.025424
D C 818.5 -162.2 765.7 657.4 220.1 357.8 
W C 1791.3 219.1 1717.7 1037.1 1179.9 723.7 
F 984.978802 361.210072 0.028270
D C 802.3 -166.7 749.5 655.6 206.9 358.1 
W C 1791.7 217.3 1715.6 1037.7 1181.6 725.0 
F 1031.371744 363.482029 0.023607
D C 758.5 -167.3 700.8 660.0 156.1 358.9 
W C 1793.6 214.1 1716.4 1039.9 1179.0 726.0 
F 1050.165757 364.169573 0.023174
D C 739.3 -167.8 679.8 660.2 139.5 359.2 
W C 1793.2 213.5 1714.5 1040.0 1181.3 726.5 
F 1096.126344 364.772157 0.022566
D C 693.8 -171.0 631.8 664.6 94.7 360.3 
W C 1793.6 209.5 1712.7 1043.4 1182.6 727.1 
F 1126.656142 368.227279 0.019243
D C 666.3 -170.7 595.6 658.1 63.8 362.6 
W C 1796.1 210.4 1709.4 1037.6 1183.5 732.0 
F 1143.623001 367.790882 0.025154
D C 648.8 -174.7 583.1 656.4 47.9 363.1 
W C 1796.6 209.4 1710.0 1038.6 1182.4 732.0 
F 1190.514804 369.349278 0.025869
D C 603.7 -176.6 536.2 654.4 -0.3 365.0 
W C 1798.6 208.4 1709.6 1037.4 1180.8 734.2 
F 1224.209495 369.781394 0.024255
D C 570.1 -174.4 500.0 654.1 -32.9 366.1 
W C 1798.3 209.3 1708.2 1035.8 1182.4 734.9 
F 1254.884620 373.110927 0.022128
D C 540.6 -176.3 467.2 651.6 -64.7 364.7 
W C 1799.3 208.8 1707.6 1034.9 1182.1 736.3 
F 1287.238118 376.237583 0.084682
D C 495.0 -211.8 473.4 623.2 -72.1 366.8 
W C 1798.4 207.1 1706.2 1037.2 1184.4 735.7 
F 1305.824985 378.853174 0.121391
D C 467.3 -233.0 477.6 609.1 -77.0 367.7 
W C 1797.9 204.2 1706.2 1041.3 1184.9 734.6 
F 1347.901985 396.029253 0.262588
D C 384.1 -301.2 513.5 530.3 421.7 1394.0 -68.8 368.2 
W C 1797.0 204.9 1706.1 1041.4 1185.9 733.7 
F 1387.224087 416.055482 0.410331
D C 292.0 -357.5 542.5 445.9 577.0 1315.3 -59.0 372.3 
W C 1797.6 204.7 1706.8 1041.4 1184.6 733.9 
F 1400.795062 426.380939 0.463276
D C 255.9 -377.3 547.0 414.2 621.5 1275.8 -54.4 372.7 
W C 1798.4 203.2 1705.1 1041.4 1185.6 735.5 
F 1424.427828 443.846923 0.560814
D C 187.9 -402.9 556.5 357.8 -47.5 373.2 
W C 1797.9 202.6 1705.4 1042.8 1185.8 734.6 
F 1444.814276 464.231697 0.655410
D C 120.7 -424.8 560.1 299.9 791.8 1126.0 -41.8 374.4 
W C 1799.4 201.0 1706.1 1043.4 1183.5 735.6 
F 1463.751573 488.972644 0.757200
D C 45.3 -442.5 558.3 237.8 874.6 1034.6 -34.7 373.1 
W C 1800.6 198.5 1706.1 1045.2 1182.2 736.3 
F 1472.530299 500.206274 0.807909
D C 8.6 -446.6 556.9 207.5 -31.4 374.2 
W C 1801.3 197.8 1707.4 1046.1 1180.4 736.1 
F 1491.984578 536.204692 0.999966
D C -104.3 -453.2 534.5 120.4 998.4 846.7 194.9 1410.6 -21.0 374.8 
W C 1816.9 203.5 1679.4 1051.0 410.4 1462.4 1165.3 721.0 
F 1498.967080 560.011957 1.114430
D C -178.0 -446.0 512.5 55.6 1055.3 725.2 322.9 1383.0 -9.3 369.3 -318.6 961.9 
W C 1820.9 203.7 1674.9 1044.6 399.8 1459.3 1163.3 714.4 495.1 697.9 
F 1513.704029 600.281320 1.261429
D C 488.7 -19.1 1115.7 575.6 473.2 1325.7 13.1 361.8 -220.7 993.5 
W C 1680.7 1059.9 395.0 1454.6 1173.0 722.9 500.2 692.6 
F 1520.273930 630.719501 1.390375
D C 456.0 -83.1 1153.1 425.6 612.4 1247.4 33.3 351.8 
W C 1683.8 1064.4 403.0 1457.0 1180.2 726.6 
F 1511.152636 674.284800 1.581390
D C 388.3 -177.5 791.3 1096.5 58.8 334.4 
W C 1684.6 1064.5 406.3 1453.9 1176.2 729.6 
F 1509.856138 686.879081 1.644513
D C 361.4 -204.4 1167.8 112.3 848.8 1048.9 66.9 327.2 
W C 1687.1 1062.4 401.3 1456.1 1178.6 729.5 
F 1499.678639 715.181674 1.783582
D C 299.1 -257.6 1139.5 -48.1 958.3 919.4 80.4 309.7 
W C 1688.3 1062.0 398.7 1457.7 1180.0 728.3 
F 1486.761531 743.030935 1.913199
D C 230.0 -296.1 1093.5 -195.8 1039.4 787.0 91.0 291.0 
W C 1688.5 1059.1 396.4 1457.9 1182.1 731.0 
F 1470.653365 765.733308 2.044322
D C 160.0 -329.9 1025.6 -345.0 1108.0 642.3 100.3 272.9 
W C 1691.2 1058.6 393.7 1458.9 1182.0 730.5 
F 1458.488086 776.040363 2.106907
D C 126.2 -345.2 988.0 -411.9 1127.3 564.2 103.5 264.0 
W C 1690.8 1060.8 397.6 1457.0 1178.6 730.1 
F 1430.429215 799.229029 2.286328
D C 21.0 -374.4 861.3 -590.0 1181.2 351.4 111.6 238.2 
W C 1699.2 1060.6 390.4 1460.2 1177.4 727.1 
F 1401.210053 823.243000 2.376360
D C -50.1 -379.6 773.3 -670.2 1165.1 240.1 99.6 227.0 
W C 1700.3 1062.3 394.6 1457.2 1172.1 728.5 
F 1368.873192 845.152554 2.418410
D C -106.3 -380.6 702.3 -697.0 1136.0 194.4 558.8 694.9 69.4 222.0 
W C 1700.4 1060.2 388.5 1451.2 490.1 694.0 1169.9 724.7 
F 1345.667090 892.115765 2.482944
D C 638.2 -720.6 1103.8 147.3 549.8 679.4 42.0 219.2 
W C 382.6 1451.2 495.1 691.3 1178.3 744.5 
F 1309.255779 924.874725 2.489770
D C 583.9 -723.9 1056.0 144.2 505.9 678.8 -5.6 223.2 
W C 382.3 1450.8 495.3 692.1 1178.4 744.0 
F 1293.193217 939.645266 2.494092
D C 568.0 -722.2 1029.5 143.8 487.8 675.9 -21.7 225.9 
W C 385.3 1445.9 496.4 694.8 1174.2 746.3 
F 1257.102208 950.767507 2.478393
D C 539.2 -725.9 994.3 145.1 452.1 682.3 
W C 384.2 1448.5 480.8 691.5 
F 1231.317384 972.629066 2.483802
D C 502.1 -721.1 959.5 143.1 423.8 679.6 
W C 384.5 1446.0 480.5 694.0 
F 1207.211355 996.764264 2.485826
D C 472.7 -720.6 927.4 144.1 389.9 684.6 
W C 384.3 1448.1 480.7 691.9 
F 1184.518962 1021.299148 2.496223
D C 439.7 -722.3 894.6 141.8 365.5 685.0 
W C 384.5 1446.1 480.5 693.9 
F 1158.136685 1041.164666 2.491015
D C 408.0 -724.1 862.3 144.8 327.5 688.2 
W C 384.3 1448.2 480.7 691.8 
F 1121.994546 1074.891425 2.491689
D C 363.4 -720.5 813.0 149.4 278.9 692.8 
W C 384.3 1447.9 480.7 692.1 
F 1106.896555 1087.724188 2.499374
D C 347.9 -722.6 793.1 145.8 265.8 690.5 
W C 384.5 1446.0 480.5 694.0 
F 1080.684809 1110.971091 2.502241
D C 313.2 -723.1 758.5 146.6 233.0 692.6 
W C 384.5 1445.9 480.5 694.1 
F 1039.686584 1141.300298 2.505796
D C 264.4 -723.1 708.3 143.7 184.1 692.2 
W C 384.5 1446.3 480.5 693.7 
F 1026.335818 1152.265170 2.505359
D C 249.0 -721.9 691.2 144.6 166.4 693.4 
W C 384.5 1446.6 480.5 693.4 
F 989.268136 1183.542480 2.507496
D C 200.8 -723.4 644.3 145.2 118.3 697.5 
W C 384.2 1448.3 480.8 691.7 
F 976.412528 1197.850948 2.512032
D C 625.4 147.0 103.3 700.2 
W C 384.4 1447.3 480.6 692.7 
F 950.508210 1219.495407 2.519494
D C 153.4 -722.0 592.6 145.0 75.1 701.7 
W C 384.4 1446.9 480.6 693.1 
F 915.111242 1246.816558 2.513928
D C 548.2 148.5 25.4 704.5 
W C 384.2 1448.5 480.8 691.5 
F 898.917324 1257.373043 2.515458
D C 94.8 -727.4 530.3 145.4 6.0 704.9 
W C 384.0 1450.3 481.0 689.7 
F 863.260143 1277.469238 2.629755
D C -17.4 -730.3 501.2 85.8 46.7 697.9 
W C 384.3 1448.2 480.7 691.8 
F 848.263684 1287.064227 2.703646
D C -69.5 -734.5 488.2 51.5 80.8 694.3 
W C 384.3 1447.5 480.7 692.5 
F 826.291219 1284.027412 2.854300
D C -201.2 -720.6 470.1 -31.4 163.9 665.1 
W C 384.4 1447.4 480.6 692.6 
F 803.867370 1288.701062 3.001804
D C -325.3 -689.0 438.1 -100.9 236.4 637.5 
W C 384.1 1449.6 480.9 690.4 
F 782.234914 1282.179692 3.161470
D C 394.8 -176.1 312.9 586.5 
W C 384.0 1450.4 481.0 689.6 
F 748.821709 1268.462308 3.402202
D C 305.4 -271.4 408.1 491.9 
W C 383.8 1451.9 481.2 688.1 
F 739.587130 1260.353070 3.477842
D C 272.6 -298.5 432.8 455.2 
W C 383.7 1452.2 481.3 687.8 
F 733.121438 1244.042193 3.648536
D C 197.6 -343.3 477.5 375.6 -139.4 637.0 
W C 393.7 1448.2 498.0 683.9 1164.3 754.9 
F 720.868020 1227.243787 3.801119
D C 121.6 -374.7 509.4 295.3 -59.8 642.2 
W C 395.2 1448.9 499.2 681.7 1161.6 756.4 
F 709.582599 1207.708065 3.945070
D C 44.4 -397.5 526.6 212.9 9.4 643.2 
W C 392.7 1451.7 497.3 680.9 1166.0 754.4 
F 701.128775 1174.272798 4.174022
D C -79.6 -408.3 527.6 77.0 122.2 616.6 
W C 391.4 1452.0 496.7 681.8 1167.9 753.2 
F 686.386761 1170.386086 4.273353
D C -117.1 -404.9 518.4 38.6 154.2 601.9 -301.8 992.1 
W C 369.7 1448.5 501.0 684.8 1165.6 775.0 1712.7 1021.8 
F 674.541225 1128.013564 4.507536
D C 484.2 -80.6 250.5 552.4 -114.8 1028.0 
W C 497.1 670.3 1164.4 770.4 1704.4 1031.3 
F 680.768980 1114.965599 4.589219
D C 463.7 -129.5 284.9 522.4 -45.0 1028.0 
W C 495.3 670.7 1164.2 768.0 1706.5 1033.3 
F 687.270401 1092.025403 4.730420
D C 417.6 -200.3 332.5 472.9 77.4 1016.9 
W C 494.6 670.9 1166.1 768.1 1705.4 1033.0 
F 705.215121 1056.344321 4.890079
D C 340.7 -282.7 370.5 402.0 195.8 988.2 
W C 487.2 671.0 1166.3 762.7 1712.5 1038.3 
F 706.921961 1037.184568 4.898110
D C 319.3 -281.9 353.5 402.9 185.7 984.8 
W C 488.8 671.3 1168.1 764.2 1709.0 1036.5 
F 729.954622 975.747048 4.961391
D C 240.6 -305.9 991.3 835.3 327.0 374.9 198.7 971.5 
W C 492.8 667.2 1783.8 220.9 1173.9 751.3 1720.5 1022.6 
F 735.120203 954.814298 4.972654
D C 214.0 -309.4 977.9 824.1 314.1 371.6 186.3 971.4 
W C 491.2 668.4 1783.1 221.9 1175.0 746.9 1721.7 1024.8 
F 740.718847 923.004141 4.978397
D C 178.8 -306.2 951.2 821.8 285.9 373.9 158.4 970.3 
W C 492.3 670.0 1783.6 221.3 1176.6 745.5 1718.5 1025.2 
F 751.551841 874.729661 4.979503
D C 128.9 -302.7 907.0 823.3 235.7 375.3 107.0 971.2 
W C 493.6 670.4 1785.1 217.2 1175.8 746.5 1716.5 1027.9 
F 754.764529 860.203933 4.980431
D C 113.7 -302.3 890.0 822.9 222.3 376.8 94.9 971.5 
W C 493.3 670.5 1784.0 220.0 1177.0 745.6 1716.7 1025.9 
F 770.174218 814.422053 4.978657
D C 66.0 -310.7 840.0 820.9 174.6 375.8 44.1 974.0 
W C 487.8 669.0 1783.2 220.0 1178.6 744.9 1721.5 1028.1 
F 780.078444 783.631557 4.976913
D C 33.1 -313.4 805.3 821.5 142.7 377.7 11.2 970.1 
W C 486.2 669.8 1783.5 221.1 1182.0 744.6 1719.3 1026.5 
F 784.818127 768.627110 4.976895
D C 19.5 -314.1 787.0 817.8 126.4 379.8 -3.7 969.8 
W C 486.7 667.6 1779.9 222.8 1184.5 745.9 1719.9 1025.7 
F 800.937833 720.370740 4.976381
D C -32.5 -322.0 739.6 817.2 75.5 375.2 -57.4 971.4 
W C 481.6 667.7 1782.8 219.7 1182.9 745.4 1723.7 1029.3 
F 804.629020 705.495808 4.978768
D C -47.5 -322.1 722.7 813.6 62.7 376.4 -69.6 973.6 
W C 481.3 666.6 1779.8 222.4 1184.3 744.1 1725.6 1028.9 
F 837.276056 666.940318 5.012861
D C -112.3 -327.2 725.8 768.1 37.2 368.9 
W C 491.5 677.4 1785.8 201.0 1200.7 740.6 
F 857.434251 632.215939 5.081059
D C 737.4 716.2 29.7 360.8 
W C 1791.3 202.4 1204.7 734.6 
F 876.911859 604.569750 5.147513
D C 749.0 659.2 21.4 352.5 
W C 1790.4 203.2 1205.6 733.8 
F 891.451596 579.801005 5.207674
D C 758.7 612.0 13.7 349.5 
W C 1790.5 203.1 1205.5 733.9 
F 902.001487 563.745363 5.240777
D C 758.2 585.2 7.2 348.2 
W C 1789.6 203.9 1206.4 733.1 
F 928.880533 531.697787 5.334653
D C 770.6 508.9 -4.5 342.3 
W C 1791.6 202.2 1204.4 734.8 
F 942.085722 517.806469 5.373003
D C 766.6 476.4 -6.5 341.0 
W C 1788.7 204.8 1207.3 732.2 
F 967.756748 463.038231 5.524165
D C 760.5 392.3 151.5 927.9 -23.1 337.4 
W C 1789.5 224.3 1716.3 1032.0 1183.3 723.7 
F 992.664068 446.574042 5.589167
D C 755.6 338.4 180.4 910.6 -30.4 337.6 
W C 1790.0 223.4 1713.8 1031.1 1185.2 725.5 
F 1007.219375 441.056369 5.648253
D C 757.7 290.3 220.0 892.9 -24.9 334.6 
W C 1789.4 225.3 1714.0 1029.4 1185.6 725.3 
F 1045.291976 425.406579 5.791975
D C 753.6 172.2 303.5 850.2 -19.5 330.7 
W C 1791.0 221.8 1714.0 1032.0 1184.0 726.2 
F 1073.600374 418.100808 5.879963
D C 738.4 98.5 347.6 819.4 -20.3 325.7 
W C 1791.4 219.0 1714.8 1035.4 1182.8 725.6 
F 1101.063686 415.129636 5.970457
D C 717.3 27.0 393.3 776.9 -18.0 321.5 
W C 1791.9 220.1 1714.3 1033.3 1182.8 726.6 
F 1132.758378 413.774378 6.063270
D C 686.3 -48.0 429.1 732.3 -16.8 318.1 
W C 1792.0 217.2 1711.2 1034.8 1185.7 727.9 
F 1144.725791 414.375573 6.103090
D C 674.1 -78.4 446.2 710.7 -17.8 317.5 
W C 1793.9 216.5 1711.0 1033.6 1184.1 729.9 
F 1189.858619 419.397029 6.256315
D C 609.6 -186.5 504.6 627.4 -14.5 310.6 
W C 1794.2 216.6 1711.1 1033.1 1183.7 730.3 
F 1217.164262 425.878987 6.346878
D C 563.9 -251.5 530.6 579.1 277.6 1401.2 -14.4 307.3 
W C 1795.9 210.8 1709.8 1037.6 1183.3 731.6 
F 1253.228760 434.618239 6.392311
D C 514.5 -280.6 518.6 548.9 -35.7 302.6 
W C 1795.2 211.7 1709.0 1036.7 1184.8 731.6 
F 1288.415098 441.210313 6.448463
D C 462.0 -312.3 514.2 521.3 -55.7 302.8 
W C 1795.5 209.2 1709.8 1040.1 1183.7 730.8 
F 1307.078655 426.145001 6.493558
D C 438.5 -324.7 505.4 512.4 343.0 1356.1 
W C 1803.7 200.2 1694.3 1032.8 
F 1357.239553 439.212604 6.502396
D C 383.7 -330.5 458.1 506.2 
W C 1803.7 200.0 1694.3 1033.0 
F 1374.900653 440.932913 0.217773
D C 366.5 -329.6 439.9 510.8 282.2 1358.8 
W C 1803.9 198.3 1694.1 1034.7 
F 1425.352930 451.707433 0.220293
D C 314.1 -329.4 389.6 509.6 234.2 1355.6 
W C 1803.8 198.9 1694.2 1034.1 
F 1456.262277 460.838266 0.221204
D C 281.4 -334.0 358.1 509.2 
W C 1804.1 196.8 1693.9 1036.2 
F 1473.193943 461.240097 0.222487
D C 264.3 -331.8 342.2 513.0 188.3 1362.5 
W C 1804.2 195.9 1693.8 1037.1 
F 1523.837257 472.771120 0.225616
D C 211.3 -333.1 291.9 512.5 
W C 1804.3 195.4 1693.7 1037.6 
F 1573.156820 483.884293 0.220571
D C 162.4 -332.1 238.8 514.0 
W C 1804.3 195.3 1693.7 1037.7 
F 1591.503299 485.466541 0.222038
D C 143.5 -331.4 221.4 517.6 
W C 1804.5 193.9 1693.5 1039.1 
F 1616.706740 495.113311 0.242864
D C 109.7 -338.3 205.5 510.3 87.2 1366.9 
W C 1804.6 193.1 1693.4 1039.9 
F 1648.285528 510.171316 0.308848
D C 51.7 -354.2 204.8 495.6 152.2 1344.3 
W C 1805.2 188.4 1692.8 1044.6 
F 1676.004502 527.983350 0.366715
D C -2.0 -366.8 201.7 479.7 201.0 1334.0 
W C 1805.7 184.9 1692.3 1048.1 
F 1721.379787 555.055786 0.462840
D C -89.3 -367.3 193.6 452.6 287.5 1303.5 
W C 1805.5 186.5 1692.5 1046.5 
F 1733.348450 563.767382 0.491708
D C -114.9 -367.4 192.3 445.6 
W C 1805.6 185.6 1692.4 1047.4 
F 1733.348450 563.767382 0.491708
D C 188.6 433.5 
W C 
F 1809.894388 610.139400 0.700141
D C 180.2 421.1 -535.6 1553.0 
W C 1676.3 1048.3 399.7 1452.7 
F 1825.756453 637.417864 0.807704
D C 191.5 396.3 -394.3 1589.8 
W C 1671.8 1049.7 404.2 1451.3 
F 1834.943775 647.503855 0.849861
D C 195.4 385.9 -341.6 1607.4 
W C 1674.0 1049.0 402.0 1452.0 
F 1863.635598 691.679663 0.998418
D C 197.8 352.4 -152.7 1641.1 
W C 1674.6 1048.8 401.4 1452.2 
F 1863.635598 691.679663 0.998418
D C 201.8 323.6 
W C 
F 1884.392465 759.867207 1.179031
D C 186.7 307.7 73.9 1631.5 
W C 1671.3 1049.9 404.7 1451.1 
F 1900.243625 801.671862 1.227777
D C 156.7 300.3 108.7 1625.6 
W C 1670.1 1050.2 405.9 1450.8 
F 1920.106732 818.464806 1.254898
D C 777.9 870.3 142.8 297.7 130.5 1647.7 
W C 1681.5 1046.6 394.5 1454.4 
F 1931.107947 875.399530 1.276950
D C 744.5 853.8 91.7 296.6 109.0 1630.4 
W C 1673.8 1049.1 402.2 1451.9 
F 1931.107947 875.399530 1.276950
D C 769.1 794.2 75.3 286.5 
W C 
F 1938.941173 919.820082 1.379324
D C 796.1 731.6 59.8 275.2 
W C 
F 1942.339911 964.968498 1.479370
D C 798.9 673.2 39.8 269.8 
W C 
F 1935.388849 996.073446 1.523821
D C 806.7 646.7 27.1 268.4 -373.5 1413.0 
W C 1668.5 1035.7 506.5 689.3 
F 1940.638426 1063.414596 1.626341
D C 816.6 568.6 474.0 1516.4 -0.2 265.4 
W C 400.3 1452.5 1675.7 1048.5 
F 1939.942340 1116.992789 1.726404
D C 572.4 1473.6 -29.0 267.1 
W C 395.5 1454.1 1680.5 1046.9 
F 1928.076938 1159.780231 1.824124
D C 817.8 457.5 599.2 1437.2 
W C 
F 1911.614414 1202.330883 1.924170
D C 813.0 394.5 662.2 1391.8 
W C 
F 1891.709987 1241.631973 2.021890
D C 801.2 338.3 710.7 1352.0 
W C 
F 1869.495595 1199.333170 1.941348
D C 783.6 281.0 764.5 1295.6 35.1 1477.0 
W C 384.9 1442.8 480.1 697.2 
F 1844.678762 1243.156738 2.032923
D C 764.5 209.6 833.2 1216.3 116.1 1466.2 
W C 384.5 1446.6 480.5 693.4 
F 1846.864956 1243.362341 2.049598
D C 750.4 188.6 850.1 1201.2 138.7 1465.5 -131.7 814.5 
W C 389.1 1444.5 482.3 691.3 1184.6 751.2 
F 1826.812590 1274.659303 2.124130
D C 727.1 133.6 899.2 1132.4 210.0 1454.1 -106.8 819.3 
W C 390.8 1444.6 479.3 689.2 1185.9 753.2 
F 1812.208427 1292.527383 2.183235
D C 698.3 82.3 944.5 1076.4 270.3 1433.5 -82.0 825.8 
W C 388.5 1446.6 483.8 689.7 1183.6 750.8 
F 1783.378486 1328.128638 2.254040
D C 666.6 37.4 967.4 1005.2 325.5 1413.6 -64.3 828.6 
W C 393.1 1443.8 481.6 688.1 1181.4 755.1 
F 1753.717066 1360.978896 2.346932
D C 622.5 -24.4 1014.1 914.9 411.7 1376.0 -33.9 834.3 
W C 390.5 1443.8 483.4 690.9 1182.1 752.4 
F 1735.285816 1374.538482 2.390850
D C 604.6 -51.6 1023.5 862.5 449.3 1363.5 -13.3 827.0 
W C 398.5 1442.1 476.6 684.1 1180.9 760.8 
F 1706.701073 1401.946327 2.456513
D C 568.7 -89.3 1040.7 798.1 498.2 1330.7 -0.6 831.2 
W C 395.8 1442.4 479.0 686.7 1181.3 757.9 
F 1681.950588 1415.008134 2.522675
D C 527.9 -130.1 1061.6 724.8 555.9 1288.5 29.9 827.4 
W C 396.8 1440.6 481.6 688.0 1177.6 758.4 
F 1655.974595 1428.231538 2.581218
D C 489.8 -161.4 1074.0 658.4 599.7 1250.5 49.9 822.7 
W C 396.3 1441.4 483.3 687.7 1176.4 757.9 
F 1605.597228 1454.932535 2.656117
D C 424.9 -203.8 1063.6 573.7 634.1 1206.3 54.5 815.3 
W C 397.2 1443.8 481.9 683.9 1177.0 759.3 
F 1594.105696 1460.855626 2.649583
D C 408.4 -202.0 1043.3 583.6 616.2 1207.9 36.9 814.5 
W C 398.8 1439.3 480.4 687.3 1176.8 760.4 
F 1564.202331 1478.665972 2.651213
D C 380.0 -201.3 1007.7 584.2 584.3 1208.8 4.4 815.2 
W C 400.1 1437.9 479.5 687.5 1176.4 761.6 
F 1519.921599 1504.370370 2.653375
D C 962.2 581.7 529.8 1207.7 -43.5 821.1 
W C 397.3 1441.9 485.5 686.3 1173.2 758.8 
F 1502.450217 1517.529322 2.658828
D C 314.8 -199.0 943.1 578.1 513.7 1211.2 -58.9 823.9 
W C 398.8 1443.3 485.1 683.2 1172.1 760.5 
F 1457.428594 1544.351283 2.661781
D C 265.7 -198.0 891.4 580.9 465.3 1208.9 -108.0 828.4 
W C 398.5 1440.5 486.7 686.8 1170.8 759.7 
F 1441.810961 1557.876315 2.665038
D C 869.8 582.1 451.0 1216.1 -123.8 830.4 
W C 401.8 1439.6 483.2 684.2 1170.9 763.2 
F 1394.354521 1580.150194 2.666335
D C 819.7 578.2 395.0 1211.1 -171.4 832.0 
W C 400.9 1441.1 489.0 684.0 1166.1 761.9 
F 1364.284213 1598.496211 2.673775
D C 786.8 577.0 369.8 1208.9 -199.2 836.0 
W C 401.8 1438.3 489.1 686.2 1165.1 762.5 
F 1352.026329 1603.207576 2.709295
D C 791.9 547.7 397.6 1194.2 -178.9 841.8 
W C 403.5 1437.6 490.7 685.4 1161.8 763.9 
F 1322.806605 1615.350965 2.783875
D C 800.5 487.3 456.3 1164.3 -151.4 853.1 
W C 402.4 1439.2 487.7 684.6 1165.9 763.3 
F 1289.331829 1628.355868 2.844272
D C 792.5 440.1 486.3 1136.8 -131.6 864.4 
W C 402.7 1439.7 491.4 683.9 1161.9 763.4 
F 1239.634667 1635.072586 2.949280
D C 783.9 354.0 551.8 1073.5 -89.2 871.4 
W C 402.5 1437.5 492.9 686.8 1160.6 762.7 
F 1217.466267 1638.968595 2.992679
D C 773.2 321.0 577.4 1051.0 -73.1 872.3 
W C 405.2 1436.3 490.5 685.3 1160.3 765.4 
F 1182.468329 1640.530399 3.060899
D C 760.3 264.8 611.3 1007.6 -49.1 875.8 
W C 403.3 1437.9 491.9 685.5 1160.8 763.6 
F 1137.198725 1646.570002 3.065209
D C 717.7 259.9 567.3 1010.5 -90.0 879.8 
W C 401.8 1442.2 494.4 682.3 1159.8 762.5 
F 1117.675243 1649.787149 3.070488
D C 700.2 258.4 553.8 1008.0 -106.8 882.8 
W C 400.9 1441.8 493.6 683.6 1161.5 761.6 
F 1068.237357 1656.288093 3.066795
D C 647.3 264.1 502.1 1014.8 -159.5 883.0 
W C 403.0 1441.3 491.7 681.8 1161.3 763.8 
F 1048.647917 1659.624380 3.071149
D C 631.6 262.2 485.8 1013.0 -177.4 888.3 
W C 400.2 1442.6 492.8 683.4 1163.1 761.1 
F 1016.832240 1662.156430 3.067050
D C 597.3 265.3 449.4 1015.8 -211.3 886.6 
W C 401.5 1442.1 493.1 682.6 1161.5 762.3 
F 967.743769 1667.173246 3.069039
D C 549.5 266.6 401.0 1013.9 -258.8 889.9 
W C 400.3 1441.1 494.3 685.0 1161.3 760.9 
F 950.721468 1671.907634 3.073780
D C 534.7 265.6 387.7 1016.7 -272.4 895.5 
W C 399.2 1443.2 495.0 683.8 1161.8 760.0 
F 889.955279 1681.246004 3.068136
D C 487.4 268.7 335.3 1017.6 
W C 384.1 1449.0 480.9 691.0 
F 857.692318 1680.923448 3.068564
D C 455.4 265.9 303.6 1014.8 
W C 384.1 1449.0 480.9 691.0 
F 836.880833 1687.052949 3.076554
D C 436.2 267.4 290.6 1016.7 
W C 384.2 1448.6 480.8 691.4 
F 792.396672 1690.354566 3.068497
D C 389.4 271.1 237.9 1018.8 
W C 384.2 1448.4 480.8 691.6 
F 775.668416 1692.902110 3.066291
D C 372.0 272.8 218.6 1021.1 
W C 384.2 1448.8 480.8 691.2 
F 731.510972 1697.426652 3.065898
D C 327.8 272.8 173.6 1023.7 
W C 384.0 1450.2 481.0 689.8 
F 715.426809 1699.731020 3.063388
D C 311.1 273.8 154.6 1026.0 
W C 383.9 1451.1 481.1 688.9 
F 679.031633 1705.084090 3.065190
D C 275.0 275.4 119.7 1028.7 
W C 383.8 1451.5 481.2 688.5 
F 638.518972 1706.856900 3.073243
D C 236.5 272.9 87.6 1026.0 
W C 383.9 1450.7 481.1 689.3 
F 641.231593 1706.220987 3.073187
D C 238.9 274.0 90.6 1024.0 
W C 384.1 1449.2 480.9 690.8 
F 643.257025 1705.763571 3.070857
D C 240.1 275.4 90.5 1022.8 
W C 384.3 1448.1 480.7 691.9 
F 642.926651 1703.487834 3.070402
D C 239.5 274.7 90.1 1019.0 
W C 384.5 1446.5 480.5 693.5 
F 640.834645 1706.303294 3.073640
D C 238.7 273.7 90.6 1024.2 
W C 384.1 1449.4 480.9 690.6 
F 640.727078 1706.515901 3.073830
D C 238.7 273.7 90.6 1024.6 
W C 384.1 1449.6 480.9 690.4 
F 641.677572 1706.326914 3.072747
D C 239.2 274.3 90.6 1024.1 
W C 384.1 1449.1 480.9 690.9 
