D C 365.8 -286.8 1419.6 -458.2 1745.6 254.8 1193.0 597.1 573.2 629.5 914.1 1343.3 
D C 367.0 -287.8 1420.4 -458.4 1742.9 254.4 1192.7 596.9 575.7 632.3 915.0 1344.7 
D C 367.0 -287.8 1422.4 -459.0 1743.5 254.5 1194.0 597.5 576.4 633.0 916.9 1347.5 
D C 367.2 -287.9 1420.9 -458.6 1739.8 254.0 1128.2 569.0 538.9 595.5 914.7 1344.2 
D C 366.0 -287.0 1423.0 -459.3 1741.2 254.2 1192.1 596.6 572.0 628.2 915.3 1345.1 
D C 366.0 -287.0 1417.7 -457.5 1743.0 254.4 1193.5 597.3 572.7 629.0 914.6 1344.1 
D C 376.4 -297.0 1421.7 -458.8 1737.5 253.6 1195.5 598.3 574.5 630.9 914.9 1344.5 
D C 365.9 -286.9 1421.0 -458.6 1739.7 253.9 1196.0 598.5 575.6 632.1 914.8 1344.3 
D C 366.1 -287.1 1420.0 -458.3 1741.9 254.3 1044.4 526.7 574.4 630.8 915.5 1345.4 
D C 366.7 -287.5 1419.7 -453.4 1740.9 254.1 1193.6 597.3 574.4 630.8 914.9 1344.6 
D C 365.1 -286.3 1421.9 -458.9 1741.4 254.2 1195.6 598.3 574.4 630.8 916.0 1346.1 
D C 365.7 -286.7 1420.3 -458.4 1746.1 254.9 1194.9 598.0 573.6 630.0 914.4 1343.7 
D C 366.0 -287.0 1425.9 -460.2 1743.1 254.4 1194.0 597.6 515.7 569.9 915.3 1345.0 
D C 366.2 -287.2 1419.0 -458.0 1742.9 254.4 1043.1 526.0 574.2 630.6 914.3 1343.6 
D C 354.5 -286.9 1433.1 -467.4 1717.3 256.0 1073.6 553.9 549.4 630.0 892.5 1346.8 
D C 315.3 -287.1 1400.9 -476.0 1688.7 246.5 1048.5 553.2 518.7 629.1 843.9 1325.9 
D C 280.6 -281.9 1357.2 -465.8 1645.9 250.6 999.6 551.2 443.7 587.9 
D C 264.1 -282.1 1313.0 -459.6 1625.2 247.4 1044.3 575.8 460.9 622.5 
D C 220.7 -282.3 1239.6 -442.5 1565.1 253.0 934.4 549.4 404.7 627.3 
D C 189.4 -279.2 1199.7 -436.6 1535.4 248.2 904.3 546.7 371.5 629.6 
D C 157.3 -277.2 1175.3 -440.0 1505.5 248.1 928.7 581.1 340.6 633.7 
D C 127.2 -277.2 1139.6 -438.6 1469.6 251.5 833.1 550.2 299.6 634.7 
D C 114.1 -277.3 1123.2 -436.3 1506.0 262.5 867.4 584.4 262.7 598.7 
D C 68.9 -277.6 1069.7 -434.5 1399.2 252.7 770.0 550.3 224.8 629.7 
D C 1030.9 -433.5 1365.8 251.0 741.6 547.3 192.7 623.2 
D C 1004.0 -433.1 1327.2 256.6 737.3 576.3 144.2 601.0 
D C 963.0 -433.1 1295.0 254.5 667.8 548.9 483.4 1341.1 119.5 644.6 
D C -46.7 -286.1 956.9 -437.4 1265.2 256.7 668.1 577.1 435.2 1320.6 86.9 643.4 
D C -77.8 -289.0 899.3 -424.5 1223.6 256.1 637.2 578.4 404.3 1321.9 50.8 641.4 
D C 853.7 -428.9 1174.4 257.1 549.6 543.8 355.6 1320.2 -4.4 639.5 
D C 841.0 -429.0 1151.5 259.5 567.0 578.4 339.5 1324.9 -22.0 638.2 
D C 812.2 -433.3 1122.1 256.5 505.4 544.9 313.8 1326.0 -53.4 614.5 
D C 746.7 -419.2 1072.4 259.0 449.9 545.7 258.9 1328.0 -108.5 634.3 
D C 730.4 -421.9 1057.7 255.4 437.6 544.1 244.5 1318.8 -127.1 636.4 
D C 688.2 -423.3 1009.2 256.9 389.6 543.4 195.6 1325.5 -172.2 635.4 
D C 666.7 -415.8 991.4 258.8 395.5 573.7 178.5 1321.9 -190.3 639.7 
D C 637.1 -416.6 954.8 265.0 339.3 547.8 142.1 1328.0 
D C 602.7 -415.6 924.9 262.8 312.1 547.9 113.4 1329.1 
D C 569.5 -416.3 894.0 262.9 279.7 548.3 81.2 1338.2 
D C 523.0 -410.1 848.5 272.4 243.6 579.3 23.6 1334.0 
D C 509.0 -414.5 831.8 267.0 218.3 552.1 19.5 1337.4 
D C 479.5 -410.4 800.2 267.7 184.9 549.8 -21.5 1338.7 
D C 456.4 -425.9 767.8 267.4 156.2 552.8 -46.6 1349.9 
D C 414.2 -411.0 732.3 267.7 122.3 554.3 -87.7 1344.4 
D C 398.0 -412.3 718.3 270.1 108.2 555.1 -104.2 1343.3 
D C 352.6 -413.2 669.2 273.0 61.4 557.1 -154.5 1346.3 
D C 323.7 -416.8 665.1 280.9 33.5 581.2 -185.0 1354.8 
D C 301.0 -429.5 638.1 285.8 -0.4 559.6 -213.8 1348.5 
D C 261.3 -420.5 605.0 286.7 -31.5 561.5 
D C 221.8 -433.1 557.5 287.6 -78.5 562.1 
D C 208.5 -433.1 520.5 280.8 -97.1 567.5 
D C 162.8 -436.9 470.5 284.5 -147.4 602.2 
D C 149.2 -437.0 473.8 298.5 -157.2 573.2 
D C 112.1 -418.9 441.8 297.7 
D C 67.8 -419.1 390.4 299.4 
D C 51.4 -425.0 371.4 303.4 
D C 5.5 -423.5 321.6 304.7 
D C -10.2 -427.6 301.8 304.2 
D C -37.8 -427.0 267.9 307.2 
D C -85.4 -430.8 212.5 308.2 
D C -101.0 -432.7 194.0 306.9 
D C -145.4 -436.6 136.0 299.9 
D C -164.4 -435.1 125.5 295.8 
D C 115.5 289.4 
D C 90.6 272.1 -520.7 1509.7 
D C 77.8 257.1 -496.2 1545.7 
D C 53.3 238.3 -390.3 1553.2 
D C 46.0 243.9 -362.9 1565.4 
D C 29.7 236.6 -281.9 1588.5 
D C 12.7 232.3 
D C -4.2 219.8 
D C -32.2 220.8 
D C 
D C 117.5 1609.6 
D C 250.5 1595.8 
D C 306.2 1570.4 
D C 502.8 1526.0 -77.7 963.0 
D C 542.9 1477.7 -48.0 905.9 
D C 715.1 1370.5 49.1 900.9 -72.3 1544.1 
D C 818.4 1285.9 105.6 883.7 
D C 863.7 1236.3 146.5 933.0 
D C 989.5 1093.4 218.9 843.7 
D C 1032.5 1040.4 265.1 876.3 
D C 1118.0 873.9 320.1 781.2 
D C 1170.5 762.8 367.1 742.0 
D C 1209.5 706.1 387.3 720.6 
D C 1256.2 507.9 440.3 642.8 
D C 1246.6 447.1 457.3 621.5 
D C 1255.1 238.6 502.8 535.4 
D C 1222.7 106.2 521.3 473.2 
D C 1210.0 45.5 527.8 444.8 595.3 1590.1 
D C 1157.8 -73.8 535.5 405.4 -236.9 1149.7 
D C 1139.5 -100.8 525.6 392.9 -222.1 1112.2 
D C 1080.1 -142.5 471.9 361.9 -238.6 1122.9 
D C 1066.0 -147.3 458.7 360.8 -255.3 1116.8 
D C 1017.4 -147.0 411.8 360.2 -306.9 1119.0 
D C 985.8 -151.7 380.8 356.4 614.5 1486.8 -330.0 1121.9 
D C 970.8 -152.4 377.5 371.1 593.4 1487.1 -343.6 1129.6 
D C 921.7 -153.4 863.4 670.6 315.7 357.5 -397.9 1131.3 
D C 888.3 -153.4 849.6 681.0 283.4 356.9 
D C 868.7 -161.1 815.4 678.7 249.3 356.9 
D C 836.1 -165.7 784.9 673.9 219.1 358.6 
D C 816.7 -169.6 749.0 659.2 205.8 358.8 
D C 760.9 -165.4 699.0 662.4 171.2 393.4 
D C 741.4 -165.9 679.6 664.1 152.6 392.9 
D C 695.6 -169.2 629.7 666.5 102.9 391.7 
D C 667.7 -168.9 611.7 675.9 69.3 394.2 
D C 660.4 -177.9 598.2 673.4 52.0 394.4 
D C 613.5 -179.5 551.6 673.1 -0.3 390.1 
D C 580.6 -177.6 514.9 673.5 190.9 1482.1 -35.6 395.2 
D C 550.7 -179.6 481.3 671.3 -69.9 393.9 
D C 495.7 -210.2 471.7 624.9 -78.1 397.7 
D C 476.4 -237.5 494.3 630.4 -78.1 367.6 
D C 391.4 -306.9 531.7 549.1 418.9 1400.2 -74.7 399.7 
D C 297.7 -364.5 562.1 462.0 576.0 1324.0 -60.2 372.3 
D C 259.0 -379.3 567.4 429.6 618.6 1279.9 -59.3 406.3 
D C 191.6 -410.8 555.7 359.7 -48.6 373.3 
D C 122.9 -432.4 578.6 309.8 804.9 1144.7 -43.0 374.3 
D C 46.6 -442.2 579.1 246.7 876.8 1043.6 -38.2 410.6 
D C 8.7 -454.3 576.6 214.8 -32.5 373.9 
D C -106.0 -460.6 534.3 122.1 997.4 851.1 190.9 1413.4 -22.2 374.8 
D C -176.6 -446.5 512.8 57.3 1053.7 728.9 319.9 1389.6 -10.1 400.0 -322.4 963.6 
D C 489.3 -17.7 1116.6 580.4 470.4 1330.7 14.1 389.9 -224.1 994.5 
D C 470.9 -85.8 1153.9 429.9 610.4 1253.1 32.3 352.5 
D C 390.4 -177.0 789.8 1101.5 63.3 359.7 
D C 362.2 -203.4 1171.2 116.2 847.5 1053.9 72.0 352.2 
D C 306.2 -263.7 1142.1 -44.7 958.9 925.6 86.3 332.4 
D C 231.8 -296.6 1095.9 -192.8 1079.5 817.4 97.6 312.3 
D C 163.9 -337.7 1029.4 -342.7 1108.0 646.9 107.8 293.4 
D C 127.4 -345.1 993.6 -410.7 1165.9 583.5 102.8 264.7 
D C 21.4 -382.0 872.8 -593.9 1186.5 356.9 116.1 247.9 
D C -48.9 -379.8 776.9 -669.2 1166.5 244.1 99.3 228.3 
D C -108.3 -387.7 712.5 -702.8 1137.3 198.2 558.3 698.6 74.8 239.4 
D C 641.7 -720.1 1105.8 151.0 547.9 681.4 45.6 237.5 
D C 587.9 -724.3 1059.2 148.0 505.3 682.4 -6.0 238.5 
D C 577.5 -734.2 1030.0 147.1 486.0 677.9 -23.1 240.3 
D C 542.3 -725.5 994.6 148.3 468.1 706.4 
D C 505.1 -720.7 961.2 146.3 421.7 680.9 
D C 476.1 -720.9 929.2 147.3 387.8 685.8 
D C 444.0 -724.3 926.1 146.8 363.6 686.6 
D C 412.9 -727.6 892.3 149.9 325.3 689.1 
D C 366.3 -720.9 814.3 152.2 289.2 718.2 
D C 350.3 -722.0 794.3 148.5 275.2 715.0 
D C 318.2 -734.6 759.4 149.2 231.3 694.7 
D C 268.1 -733.4 708.9 146.1 190.8 717.2 
D C 251.7 -722.7 693.8 147.4 164.2 693.7 
D C 203.6 -724.8 664.9 149.8 122.4 721.9 
D C 627.4 149.5 101.2 700.4 
D C 155.9 -722.8 595.1 147.6 77.5 724.4 
D C 566.4 153.5 23.3 706.4 
D C 97.6 -731.3 532.6 147.8 6.2 735.0 
D C -15.2 -731.5 518.0 88.7 48.7 728.6 
D C -67.4 -736.3 505.0 53.3 78.7 694.6 
D C -199.3 -722.2 471.5 -30.1 162.4 667.7 
D C -332.0 -703.3 440.9 -100.1 234.5 638.3 
D C 396.7 -175.5 311.6 588.4 
D C 306.8 -270.9 428.0 515.8 
D C 274.3 -298.4 431.8 457.0 
D C 205.5 -357.0 498.6 392.2 -141.5 637.2 
D C 126.5 -390.1 533.9 309.5 -61.8 642.3 
D C 46.2 -414.1 549.8 222.3 7.4 644.0 
D C -82.8 -424.5 550.6 80.4 120.4 617.6 
D C -122.3 -423.0 518.6 40.2 152.5 602.8 -308.9 1015.6 
D C 505.7 -84.2 248.9 553.4 -117.6 1053.2 
D C 485.2 -135.5 283.4 523.5 -45.9 1050.2 
D C 435.5 -208.9 350.1 497.9 74.3 1017.5 
D C 354.4 -294.0 370.0 403.8 200.6 1012.4 
D C 331.2 -292.4 352.4 404.1 189.7 1006.0 
D C 249.1 -316.8 990.3 839.7 325.5 375.6 195.7 972.1 
D C 221.4 -320.1 977.4 828.8 313.4 373.0 190.0 990.9 
D C 180.2 -306.5 950.1 825.9 303.4 396.8 161.8 990.7 
D C 130.0 -302.7 929.2 843.4 234.6 376.2 104.1 972.2 
D C 114.7 -302.3 895.1 832.8 221.2 377.6 96.9 991.6 
D C 67.1 -311.2 838.9 824.8 173.4 376.3 41.2 974.6 
D C 34.1 -323.7 823.4 840.0 141.6 378.3 11.4 991.4 
D C 20.1 -323.4 806.3 837.8 132.9 399.1 -6.7 969.9 
D C -31.6 -323.4 738.4 821.0 74.4 375.6 -58.7 992.5 
D C -46.6 -322.9 722.3 818.1 65.8 395.6 -70.9 993.0 
D C -115.9 -337.7 726.2 773.3 39.2 389.1 
D C 736.5 719.7 31.3 381.0 
D C 749.5 663.7 22.6 372.6 
D C 758.7 615.8 14.5 369.1 
D C 757.1 588.0 6.2 348.3 
D C 788.1 520.5 -5.5 342.5 
D C 784.0 487.3 -7.6 341.2 
D C 759.6 394.8 155.0 949.0 -24.8 362.6 
D C 759.0 342.7 184.6 931.9 -31.4 337.7 
D C 757.7 292.9 217.9 895.9 -26.0 334.7 
D C 756.8 175.4 310.8 870.6 -21.5 363.2 
D C 753.7 100.6 345.2 820.8 -22.2 356.7 
D C 732.3 27.5 404.2 798.3 -19.0 321.9 
D C 687.2 -45.9 440.1 751.0 -17.8 318.4 
D C 687.2 -80.0 458.1 729.5 -18.8 318.3 
D C 611.1 -184.9 518.7 645.0 -15.5 310.7 
D C 566.6 -250.7 528.9 580.8 274.8 1409.6 -15.5 332.2 
D C 515.1 -278.9 533.1 564.2 -38.6 327.1 
D C 464.1 -311.7 528.6 535.9 -60.3 328.0 
D C 440.2 -323.9 504.1 514.2 340.1 1362.2 
D C 389.6 -335.5 456.6 507.6 
D C 372.6 -335.1 454.6 527.9 279.8 1368.2 
D C 319.9 -335.5 401.6 525.3 230.7 1360.4 
D C 286.8 -340.3 371.5 528.3 205.7 1365.2 
D C 266.2 -332.0 355.1 532.3 184.7 1367.5 
D C 213.6 -334.4 305.4 536.3 
D C 163.6 -332.1 237.3 514.8 
D C 145.2 -332.4 234.1 547.3 
D C 110.8 -338.1 205.0 513.6 88.5 1387.8 
D C 52.5 -359.7 217.1 525.2 148.3 1346.3 
D C -2.0 -372.2 213.6 508.0 197.0 1335.0 
D C -89.3 -372.0 205.3 479.8 283.5 1304.5 
D C -113.7 -367.8 203.8 472.5 
D C 187.4 434.4 
D C 190.2 444.6 -439.2 1260.9 
D C 190.4 397.0 -336.9 1340.8 
D C 206.1 407.2 -300.2 1391.6 
D C 209.3 372.8 -158.3 1701.6 
D C 213.7 342.6 
D C 195.1 321.6 69.0 1634.0 
D C 776.8 896.3 165.9 317.9 84.3 1321.7 
D C 776.5 874.1 141.9 298.1 135.3 1709.0 
D C 754.6 865.3 97.9 316.6 104.2 1634.0 
D C 767.5 797.5 80.9 307.9 
D C 794.7 734.8 65.0 299.3 
D C 799.1 677.6 43.7 296.2 
D C 807.5 651.4 26.3 268.6 -378.4 1413.6 
D C 816.5 572.2 490.4 1568.9 -0.2 287.4 
D C 531.1 1367.4 -31.3 288.8 
D C 818.4 461.1 595.6 1441.0 
D C 814.4 398.2 659.0 1396.1 
D C 802.9 342.0 707.4 1355.7 
D C 785.1 284.3 762.1 1300.7 30.7 1480.8 
D C 765.6 212.5 829.8 1219.4 111.8 1469.5 
D C 750.3 191.0 848.1 1206.2 134.5 1469.1 -144.0 891.0 
D C 728.5 136.2 899.3 1139.7 206.1 1458.2 -116.1 891.1 
D C 699.4 84.6 945.8 1084.5 266.5 1437.1 -84.6 827.0 
D C 674.5 39.9 999.9 1039.0 322.0 1418.4 -69.1 891.1 
D C 622.5 -22.5 1013.2 919.7 408.3 1380.3 -36.3 892.9 
D C 605.4 -49.8 1031.5 874.6 446.3 1368.3 -15.9 830.1 
D C 569.3 -87.6 1040.1 802.8 495.3 1335.5 -0.7 889.3 
D C 529.8 -128.8 1095.8 748.1 553.8 1294.7 31.9 885.0 
D C 491.6 -160.3 1075.1 663.6 597.3 1255.4 47.6 825.5 
D C 426.1 -202.7 1072.0 582.5 658.0 1251.6 52.1 816.6 
D C 410.4 -201.5 1073.6 600.6 613.9 1212.6 34.6 818.2 
D C 381.2 -200.4 1034.2 599.6 582.2 1213.9 4.7 866.2 
D C 962.1 585.7 527.4 1212.2 -46.1 822.9 
D C 316.0 -198.4 976.8 598.8 510.2 1213.3 -62.0 868.3 
D C 267.0 -197.7 892.6 585.6 462.4 1212.5 -110.7 829.2 
D C 870.0 586.2 447.9 1219.2 -130.3 874.2 
D C 822.4 583.9 391.9 1214.3 -174.2 832.1 
D C 787.1 580.9 367.1 1213.3 -210.2 882.1 
D C 791.8 551.3 394.8 1198.0 -181.8 842.8 
D C 801.5 491.3 454.4 1169.8 -154.3 854.2 
D C 792.5 443.4 483.5 1140.0 -134.8 867.7 
D C 786.5 358.0 550.0 1078.1 -92.1 873.0 
D C 775.6 324.8 576.1 1056.3 -76.0 874.6 
D C 762.9 268.3 609.1 1011.0 -51.8 876.8 
D C 722.7 264.2 565.2 1013.9 -93.4 885.6 
D C 702.9 261.9 551.5 1011.1 -112.5 930.2 
D C 648.2 266.7 500.1 1018.6 -162.4 883.7 
D C 633.4 265.2 483.9 1017.1 -186.2 932.2 
D C 614.1 272.8 447.1 1019.1 -214.3 887.2 
D C 549.1 268.5 398.6 1017.0 -261.7 889.8 
D C 537.1 268.8 385.2 1019.4 -287.3 944.6 
D C 487.5 270.7 333.0 1020.9 
D C 458.2 269.4 300.8 1016.9 
D C 448.8 275.1 288.3 1020.3 
D C 390.7 273.8 248.8 1065.6 
D C 371.8 274.4 215.9 1023.7 
D C 328.3 274.9 171.0 1027.6 
D C 311.3 275.7 151.6 1027.4 
D C 274.9 277.0 116.6 1029.2 
D C 236.1 274.1 84.5 1027.6 
D C 238.6 275.4 87.5 1025.1 
D C 239.9 276.8 87.5 1024.7 
D C 239.2 276.1 87.1 1020.5 
D C 238.6 275.3 87.5 1025.6 
D C 238.5 275.2 87.6 1026.2 
D C 239.0 275.8 87.5 1025.5 
